-1   7    -1   -1   -1   -1   -1   -1   -1   -1   -1   
1    3    2    7    4    10   5    15   3    30   6    
0    1    120  2    144  3    12   -1   -1   -1   -1   
0    11   192  12   204  14   72   15   108  -1   -1   
0    5    132  6    180  7    24   -1   -1   -1   -1   
0    8    156  9    168  10   48   -1   -1   -1   -1   
0    17   216  18   228  19   84   24   60   30   96   
-1   8    -1   -1   -1   -1   -1   -1   -1   -1   -1   
-1   9    -1   -1   -1   -1   -1   -1   -1   -1   -1   
-1   -1   -1   -1   -1   -1   -1   -1   -1   -1   -1   
